ASV ALR.R.1 ALR.R.2 ALR.R.3 ALR.R.4 ALR.R.5 ALR.R.6 ALR.R.7 ALR.R.8 ARH.R.1 ARH.R.2 ARH.R.3 ARH.R.4 ARH.R.5 ARH.R.6 ARH.R.7 ARH.R.8 FAU.R.1 FAU.R.2 FAU.R.3 FAU.R.4 FAU.R.5 FAU.R.6 FAU.R.7 FAU.R.8 GUD.R.1 GUD.R.2 GUD.R.3 GUD.R.4 GUD.R.5 GUD.R.7 GUD.R.8 HOG.R.1 HOG.R.2 HOG.R.3 HOG.R.4 HOG.R.5 HOG.R.6 HOG.R.7 HOG.R.8 LAV.R.1 LAV.R.2 LAV.R.3 LAV.R.4 LAV.R.5 LAV.R.6 LAV.R.7 LAV.R.8 OVS.R.1 OVS.R.2 OVS.R.3 OVS.R.4 OVS.R.5 OVS.R.6 OVS.R.7 OVS.R.8 RAM.R.1 RAM.R.2 RAM.R.3 RAM.R.4 RAM.R.5 RAM.R.6 RAM.R.7 RAM.R.8 SKJ.R.1 SKJ.R.2 SKJ.R.3 SKJ.R.4 SKJ.R.5 SKJ.R.6 SKJ.R.7 SKJ.R.8 ULV2.R.1 ULV2.R.2 ULV2.R.3 ULV2.R.4 ULV2.R.5 ULV2.R.6 ULV2.R.7 ULV2.R.8 VES.R.1 VES.R.2 VES.R.3 VES.R.4 VES.R.5 VES.R.6 VES.R.7 VES.R.8 VIK.R.1 VIK.R.2 VIK.R.3 VIK.R.4 VIK.R.5 VIK.R.6 VIK.R.7 ASV
ASV_13 0 0 0 0 0 0 0 0 0 0 16 0 0 0 0 0 0 0 0 0 0 0 0 0 0 0 0 0 0 0 0 0 0 0 0 0 0 0 0 0 0 0 0 0 0 0 0 0 0 0 0 0 0 0 0 0 0 0 0 0 0 0 0 0 0 0 0 0 0 0 0 0 0 0 0 0 6 0 0 0 0 0 0 0 0 0 0 0 0 0 0 0 0 0 ASV_13
ASV_17 0 0 0 0 0 0 0 0 0 0 0 0 0 0 0 0 0 0 0 0 0 0 0 0 0 0 0 0 0 0 0 0 0 0 0 0 0 0 0 0 0 0 0 0 0 0 0 0 0 0 0 0 0 0 0 0 0 0 0 0 0 0 0 0 0 0 0 0 0 0 0 0 0 0 0 0 0 0 0 0 0 0 0 0 12 0 0 0 0 0 0 0 0 0 ASV_17
ASV_21 126 162 0 57 0 31 151 0 113 65 0 0 0 5 0 0 29 47 58 24 103 58 87 83 7 234 29 200 0 192 9 32 0 13 29 12 0 23 36 0 99 0 0 0 0 0 0 0 0 24 0 0 0 0 0 0 27 44 0 0 7 144 149 71 37 49 109 35 15 184 44 25 84 15 6 0 60 0 116 46 46 0 40 149 0 0 0 85 46 33 67 3 60 32 ASV_21
ASV_22 0 0 0 0 0 0 0 0 0 0 0 0 0 0 0 0 0 0 0 0 0 0 0 0 0 0 0 0 0 0 0 0 0 0 0 0 0 0 0 0 0 0 0 0 0 0 0 0 0 0 0 0 0 0 2 0 0 0 0 0 0 0 0 0 0 0 0 0 0 0 0 0 0 0 0 0 0 0 0 0 0 0 0 0 0 0 0 0 0 0 0 0 0 0 ASV_22
ASV_23 0 0 0 0 0 0 0 0 0 0 0 0 0 0 0 0 0 0 0 0 0 14 0 0 0 0 0 0 0 0 0 0 0 0 0 0 0 0 0 0 0 0 0 0 0 0 0 0 0 0 0 0 0 0 0 0 0 0 0 0 0 0 10 0 0 0 0 0 0 0 0 0 0 0 0 0 0 0 0 0 0 0 0 0 0 0 0 0 0 0 0 0 0 0 ASV_23
ASV_24 51 0 0 59 0 56 113 70 52 0 0 0 0 57 0 26 24 35 45 93 39 28 76 88 10 108 48 43 0 71 0 64 68 79 21 29 71 31 46 0 0 96 52 68 0 91 54 35 0 19 48 0 0 14 0 91 24 124 45 0 71 8 25 139 40 83 53 59 53 43 35 92 66 41 78 50 94 0 116 39 36 0 8 53 0 0 0 36 61 62 35 28 30 23 ASV_24
ASV_25 220 278 0 34 0 13 239 23 138 0 0 0 0 0 0 0 50 28 90 20 143 40 130 55 0 148 22 112 0 342 0 0 44 0 23 11 5 24 28 0 59 0 0 0 0 0 0 0 0 23 8 0 0 11 10 0 44 79 12 0 1 102 82 93 31 59 66 63 14 140 15 43 41 21 9 13 79 0 178 28 61 0 80 64 0 0 0 55 20 29 66 0 29 30 ASV_25
ASV_26 67 48 0 56 0 106 176 28 32 49 36 0 0 35 0 27 44 24 34 84 49 51 52 29 14 63 79 36 0 0 36 95 154 142 13 59 69 49 31 0 38 54 108 42 0 64 0 41 0 33 47 0 0 9 0 50 25 71 66 0 58 21 29 90 17 43 33 86 18 49 31 0 125 46 50 0 57 0 60 0 12 0 15 71 0 0 0 23 54 57 49 22 37 40 ASV_26
ASV_27 41 0 0 141 0 144 43 0 74 0 74 0 0 35 0 119 42 105 85 22 32 187 153 34 0 86 0 152 0 0 0 0 0 31 87 32 19 45 5 0 185 0 0 0 0 0 0 8 0 77 17 0 0 94 42 0 2 0 24 0 0 136 17 27 14 0 141 31 0 107 38 30 10 49 55 0 10 0 82 0 22 0 25 0 0 0 0 15 30 35 124 62 143 37 ASV_27
ASV_28 177 108 0 14 0 83 36 44 141 96 138 0 0 73 0 33 49 33 44 44 28 21 33 15 43 154 18 17 0 58 47 37 54 30 18 19 11 102 25 0 140 39 69 21 0 98 66 41 0 48 54 0 0 51 44 57 26 28 63 0 79 7 5 58 32 36 15 24 49 9 0 90 21 45 58 99 19 0 46 372 85 0 55 44 0 0 0 31 7 14 14 43 37 35 ASV_28
ASV_30 0 2 0 96 0 84 54 0 107 32 111 0 0 30 0 154 61 49 131 29 51 124 212 37 0 63 8 110 0 0 0 23 63 0 48 22 35 22 0 0 123 0 0 0 0 0 0 0 0 124 43 0 0 64 26 0 0 0 18 0 9 86 15 20 7 0 176 12 0 70 49 70 29 24 62 4 0 0 119 0 42 0 42 10 0 0 0 4 17 25 67 64 81 23 ASV_30
ASV_31 100 130 0 39 0 122 15 34 108 0 91 0 0 109 0 16 34 76 17 30 0 45 18 0 37 123 41 25 0 0 69 83 30 65 25 33 27 126 26 0 204 45 86 30 0 42 0 28 0 43 36 0 0 30 24 35 11 45 112 0 81 12 15 70 22 62 22 50 45 27 25 44 20 90 40 40 18 0 24 244 58 0 39 81 0 0 0 16 13 32 23 70 61 71 ASV_31
ASV_34 0 0 0 0 0 0 0 0 0 0 0 0 0 0 0 0 0 0 0 0 0 0 0 0 0 0 0 0 0 0 0 0 0 0 0 0 0 0 0 0 0 0 0 14 0 0 0 0 0 0 0 0 0 0 0 0 0 0 0 0 0 0 0 0 0 0 0 0 0 0 0 0 0 0 0 0 0 0 0 0 0 0 0 0 0 0 0 0 0 0 0 0 0 0 ASV_34
ASV_35 0 0 0 0 0 0 0 0 0 0 0 0 0 0 0 0 0 0 0 0 0 0 0 0 0 0 0 0 0 0 0 0 0 0 0 0 0 0 0 0 0 0 0 0 0 0 0 0 0 0 0 0 0 0 0 0 0 0 0 0 0 0 0 0 0 0 0 0 0 0 0 0 0 0 0 0 0 0 0 0 0 0 0 0 0 10 0 0 0 0 0 0 0 0 ASV_35
ASV_37 0 0 0 0 0 0 0 0 0 0 0 0 0 0 0 0 0 0 0 0 0 0 0 0 0 0 0 0 0 0 0 0 0 0 0 0 0 0 0 0 0 0 0 0 0 0 0 0 0 0 0 0 0 0 0 0 0 0 0 0 0 0 0 0 0 0 0 0 0 0 0 0 0 0 0 0 0 0 0 0 0 0 0 13 0 0 0 0 0 0 0 0 0 0 ASV_37
ASV_38 0 0 0 0 3 0 0 0 0 0 0 0 0 0 0 0 0 0 1 0 0 0 0 0 0 0 0 0 0 0 0 0 0 0 0 0 0 0 0 0 0 0 0 0 0 0 0 0 0 0 0 0 0 0 0 0 0 0 0 0 0 0 0 0 0 0 0 0 0 0 0 0 0 0 0 0 0 0 0 0 0 0 0 0 0 0 0 0 0 0 0 0 0 0 ASV_38
ASV_39 14 0 0 0 0 0 0 0 0 0 0 0 0 0 0 0 0 0 0 0 0 0 0 0 0 0 0 0 0 0 0 0 0 0 0 0 0 0 0 0 0 0 0 0 0 0 0 0 0 0 0 0 0 0 0 0 0 0 0 0 0 0 0 0 0 0 0 0 0 0 0 0 0 0 0 0 0 0 0 0 0 0 0 0 0 0 0 0 0 0 0 0 0 0 ASV_39
ASV_40 54 349 0 42 0 42 0 28 32 85 38 0 0 28 0 31 12 13 47 14 25 19 18 0 194 17 24 5 0 91 51 13 0 31 43 32 6 37 34 0 52 0 78 64 0 0 273 6 0 59 19 0 0 22 145 21 64 12 14 0 30 12 49 0 56 31 11 10 38 17 10 58 38 22 27 225 17 0 17 128 0 0 44 21 0 0 0 0 0 0 16 10 0 22 ASV_40
ASV_41 19 0 0 0 0 0 0 0 0 0 0 0 0 0 0 0 0 0 0 0 0 0 0 0 0 0 0 0 0 0 0 0 0 0 0 0 0 0 0 0 0 0 0 0 0 0 0 0 0 0 0 0 0 0 0 0 0 0 0 0 0 0 0 0 0 0 0 0 0 0 0 40 0 0 0 0 0 0 0 0 0 0 0 0 0 0 0 0 0 0 0 0 0 0 ASV_41
ASV_42 0 0 0 5 0 27 0 73 45 30 0 0 0 59 0 18 22 21 19 21 14 89 128 35 0 0 16 22 0 0 0 23 125 34 0 32 22 51 44 0 0 0 0 0 0 0 0 0 0 16 18 0 0 0 0 0 0 0 9 0 26 0 3 251 47 85 19 88 34 87 82 0 67 61 63 0 52 0 47 0 0 0 0 0 0 0 0 80 55 86 51 0 37 126 ASV_42
ASV_44 0 0 0 0 0 0 0 0 0 0 0 0 0 0 0 0 0 0 0 0 0 0 0 0 0 0 0 0 0 41 0 0 0 0 0 0 0 0 0 0 0 0 0 0 0 0 0 0 0 0 0 0 0 0 0 0 0 0 0 0 0 0 0 0 0 0 0 0 0 0 0 0 0 0 0 0 0 0 0 0 0 0 0 0 0 0 0 0 0 0 0 0 0 0 ASV_44
ASV_45 0 239 0 31 0 21 19 17 24 0 32 0 0 14 0 0 28 25 14 0 36 22 10 0 126 25 18 14 0 59 36 7 16 45 65 27 15 52 53 0 80 23 37 44 0 47 180 19 0 38 12 0 0 6 186 0 39 0 0 0 20 0 55 20 30 68 8 17 23 15 16 22 26 39 23 144 23 0 0 81 0 0 27 14 0 0 0 22 19 16 10 0 18 23 ASV_45
ASV_47 0 6 0 3 0 16 15 117 36 18 0 0 0 48 0 32 22 25 27 39 22 63 210 75 9 13 13 11 0 0 25 35 85 0 16 41 19 33 25 0 0 18 17 32 0 0 0 0 0 0 30 0 0 5 15 0 0 24 20 0 28 0 0 169 42 61 34 63 55 54 46 11 25 37 85 0 49 0 89 0 0 0 6 0 0 0 0 48 32 55 28 10 14 85 ASV_47
ASV_48 0 46 0 8 0 21 0 16 56 0 0 0 0 25 0 0 6 34 33 0 37 25 25 0 16 0 21 12 0 81 0 104 72 42 73 71 37 133 85 0 0 0 79 32 0 37 0 0 0 40 17 0 0 29 35 0 11 0 21 0 61 0 11 48 53 55 14 41 21 54 26 71 16 23 42 32 31 0 26 0 0 0 8 0 0 0 0 40 25 11 24 35 40 27 ASV_48
ASV_50 0 0 0 0 0 0 0 0 0 0 9 0 0 0 0 0 0 0 0 0 0 0 0 0 0 0 0 0 0 0 0 0 0 0 0 0 0 0 0 0 0 0 0 0 0 0 0 0 0 0 0 0 0 0 12 0 0 0 0 0 0 0 0 0 0 0 0 0 0 0 0 0 0 0 0 0 0 0 0 0 0 0 0 0 0 0 0 0 0 0 0 0 0 0 ASV_50
ASV_51 0 0 0 0 0 0 0 0 0 0 0 0 0 0 0 0 0 0 0 0 0 0 0 0 2 0 0 0 0 0 0 0 0 0 0 0 0 0 0 0 0 0 0 0 0 0 0 0 0 0 0 0 0 0 0 0 0 0 0 2 0 0 0 0 0 0 0 0 0 0 0 0 0 0 0 0 0 0 0 0 0 0 0 0 0 0 0 0 0 0 0 0 0 0 ASV_51
ASV_53 0 0 0 8 0 27 0 31 37 61 0 0 0 30 0 0 17 22 40 31 39 23 19 0 13 23 15 0 0 45 40 49 84 0 40 52 11 88 53 0 54 52 67 49 0 61 0 8 0 31 20 0 0 15 43 0 12 23 46 0 61 0 10 25 45 44 27 55 42 40 22 61 28 0 56 46 54 0 19 0 0 0 9 0 0 0 0 23 9 20 22 36 19 38 ASV_53
ASV_54 0 0 0 0 0 0 0 0 0 0 0 0 0 0 0 0 0 0 0 0 0 0 0 0 0 0 0 0 0 0 0 0 0 0 0 0 0 0 0 0 0 0 0 0 0 0 0 0 0 0 0 0 19 0 0 0 0 0 0 0 0 0 0 0 0 0 0 0 0 0 0 0 0 0 0 0 0 0 0 0 0 0 0 0 0 0 0 0 0 0 0 0 0 0 ASV_54
ASV_56 0 0 0 0 0 0 0 0 0 0 0 0 0 0 0 0 0 0 0 0 0 0 0 0 0 0 0 0 0 11 0 0 0 0 0 0 0 0 0 0 0 0 0 0 0 0 0 0 0 0 0 0 0 0 0 0 0 0 0 0 0 0 0 0 0 0 0 0 0 0 0 0 0 0 0 0 0 0 0 0 0 0 0 0 0 0 0 0 0 0 0 0 0 0 ASV_56
ASV_59 0 0 0 22 0 18 0 14 14 0 19 0 0 21 0 0 14 22 23 24 21 23 6 0 8 43 218 26 0 16 0 36 73 31 17 18 35 17 17 0 13 0 0 0 0 33 0 10 0 13 25 0 0 10 0 0 30 11 22 0 54 29 22 14 23 45 37 33 17 11 10 0 40 38 61 0 25 0 34 22 25 0 13 10 0 0 0 26 17 48 54 9 16 13 ASV_59
ASV_60 0 22 0 11 0 16 19 11 23 22 0 0 0 15 0 7 28 0 29 14 33 28 18 12 11 69 117 16 0 0 13 21 64 8 23 39 27 13 7 0 0 11 11 1 0 0 0 0 0 16 26 0 0 14 0 43 50 20 36 0 65 26 25 37 44 45 26 59 12 9 24 0 30 11 81 13 49 0 36 0 17 0 20 21 0 0 0 30 11 30 33 17 8 13 ASV_60
ASV_62 0 0 0 0 0 0 0 0 0 0 0 0 0 0 0 0 0 0 0 0 9 0 0 0 0 0 0 0 0 0 0 0 0 0 0 0 0 0 0 0 0 0 0 0 0 0 0 0 0 0 0 0 0 0 0 0 0 0 0 0 0 0 0 0 0 0 0 0 0 0 0 0 0 0 0 0 0 0 0 0 0 0 0 0 0 0 0 0 0 0 0 0 0 0 ASV_62
ASV_63 0 0 0 0 0 0 0 128 0 0 0 0 0 28 0 195 11 4 0 76 43 0 32 183 0 0 0 0 0 0 0 51 0 140 7 24 66 100 0 0 0 32 44 40 0 245 8 30 0 9 148 0 0 0 0 0 0 7 171 0 20 0 0 0 6 10 0 6 2 0 0 20 29 0 21 0 16 0 26 0 0 0 0 0 0 0 0 3 28 20 13 0 0 9 ASV_63
ASV_64 0 0 0 0 0 0 0 0 0 0 0 0 0 0 0 0 0 0 0 0 0 0 0 0 0 0 0 0 0 0 0 0 0 0 0 0 0 0 0 0 0 0 0 0 0 0 0 0 0 0 0 0 0 0 0 28 0 0 0 0 0 0 0 0 0 0 0 0 0 0 0 0 0 0 0 0 0 0 0 0 0 0 0 0 0 0 0 0 0 0 0 0 0 0 ASV_64
ASV_65 86 44 0 31 0 35 42 22 15 95 59 0 0 18 0 29 27 17 29 28 35 30 39 0 13 0 17 14 0 0 40 37 0 0 11 39 37 18 5 0 101 0 0 0 0 0 0 40 0 25 40 0 0 18 33 59 15 55 25 0 13 21 35 0 0 0 0 0 0 0 0 40 21 51 11 0 33 0 0 36 50 0 14 30 0 0 0 30 30 41 30 43 22 26 ASV_65
ASV_66 0 0 0 0 0 0 0 0 0 0 0 0 0 0 0 0 0 0 0 0 0 0 0 0 0 0 0 0 0 0 0 0 0 0 0 0 0 0 0 0 0 0 0 9 0 0 0 0 0 0 0 0 0 0 0 0 0 0 0 0 0 0 0 0 0 0 0 0 0 0 0 0 0 0 0 0 0 0 0 0 0 0 0 0 0 0 0 0 0 0 0 0 0 0 ASV_66
ASV_68 0 0 0 0 0 0 0 0 0 0 0 0 0 0 0 0 0 0 0 0 0 0 0 0 0 0 0 0 0 0 0 0 0 0 0 0 0 0 0 0 0 0 0 0 0 0 0 0 0 0 0 0 0 0 0 0 0 0 0 0 0 0 0 0 0 0 0 0 0 0 0 0 0 0 0 0 0 0 0 0 0 0 0 0 0 0 1 0 0 0 0 0 0 0 ASV_68
ASV_69 0 22 0 24 0 32 43 0 0 0 0 0 0 2 0 13 33 35 15 33 27 69 145 121 0 27 0 59 0 0 0 0 0 0 0 0 3 6 0 0 0 19 0 0 0 0 0 0 0 0 10 0 0 0 0 0 11 14 12 0 4 26 7 154 22 0 26 15 0 39 18 0 269 0 0 0 0 0 32 0 30 0 0 34 0 0 0 12 17 20 15 0 0 0 ASV_69
ASV_72 61 25 0 62 0 39 29 30 38 33 27 0 0 0 0 20 20 29 45 42 16 29 25 0 9 22 38 29 0 0 0 27 0 0 27 42 53 8 8 0 0 25 0 0 0 0 0 35 0 9 19 0 0 15 0 34 16 40 12 0 23 14 17 0 0 0 0 0 0 16 0 47 38 37 6 0 39 0 16 56 35 0 16 60 0 0 0 36 35 56 18 31 38 14 ASV_72
ASV_74 0 2 0 0 0 13 0 66 0 0 0 0 0 24 0 152 17 0 4 46 48 11 25 136 0 12 0 0 0 0 0 97 44 193 0 9 111 114 3 0 0 52 26 0 0 144 0 21 0 0 119 0 0 3 0 0 0 14 111 0 8 0 0 0 0 0 0 0 0 0 0 0 36 3 18 9 10 0 12 0 0 0 0 0 0 0 0 0 52 15 26 0 9 0 ASV_74
ASV_76 0 0 0 0 0 0 0 0 0 0 0 0 0 0 0 0 0 0 0 0 0 0 0 0 0 0 0 0 0 0 0 0 0 0 0 0 0 0 0 0 0 0 0 0 0 0 0 0 0 0 0 0 0 0 0 0 0 0 0 0 0 0 0 0 0 0 0 0 0 0 0 0 0 0 0 0 0 0 0 0 13 0 0 0 0 0 0 0 0 0 0 0 0 0 ASV_76
ASV_77 0 0 0 0 0 0 0 0 0 0 0 0 0 0 0 0 0 0 0 0 0 0 0 0 0 0 0 0 0 0 0 0 0 0 0 0 0 0 0 0 0 0 0 0 0 0 0 0 0 0 0 0 0 0 0 27 0 0 0 0 0 0 0 0 0 0 0 0 0 0 0 0 0 0 0 0 0 0 0 0 0 0 0 0 0 0 0 0 0 0 0 0 0 0 ASV_77
ASV_80 0 0 0 4 0 0 0 0 0 0 0 0 0 0 0 0 0 0 0 0 0 0 0 0 0 0 0 0 0 0 0 0 0 0 0 0 0 0 0 0 0 0 0 0 0 0 0 0 0 0 0 0 0 0 0 0 0 0 0 0 0 0 0 0 0 0 0 0 0 0 0 0 0 0 0 0 0 0 0 0 0 0 0 0 0 0 0 0 0 0 0 0 0 0 ASV_80
ASV_81 30 12 0 14 0 17 99 0 4 0 0 0 0 0 0 30 47 21 26 42 36 74 116 94 0 45 0 37 0 29 0 13 0 42 0 0 0 11 0 0 0 0 60 16 0 0 0 0 0 0 14 0 0 0 0 0 6 22 27 0 0 21 9 123 15 0 18 7 9 25 0 41 204 0 12 0 0 0 33 0 38 0 0 21 0 0 0 0 14 0 7 0 0 0 ASV_81
ASV_82 0 0 0 0 4 0 0 0 0 0 0 0 0 0 0 0 0 0 0 0 0 0 0 0 0 0 0 0 0 0 0 0 0 0 0 0 0 0 0 0 0 0 0 0 0 0 0 0 0 0 0 0 0 0 0 0 0 0 0 0 0 0 0 0 0 0 0 0 0 0 0 0 0 0 0 0 0 0 0 0 0 0 0 0 8 0 0 1 0 0 4 0 0 0 ASV_82
ASV_85 0 0 0 0 0 8 0 0 2 0 0 0 0 0 0 0 0 0 0 0 0 0 0 0 0 0 0 0 0 0 0 0 0 0 0 0 0 0 0 0 0 0 0 0 0 0 0 0 0 0 0 0 0 0 0 0 0 0 0 0 0 0 0 0 0 0 0 0 0 0 0 0 0 0 0 0 0 0 0 0 0 0 0 0 0 0 0 0 0 0 0 0 0 0 ASV_85
ASV_87 17 0 0 0 0 0 0 0 0 0 0 0 0 0 0 0 0 0 0 0 0 0 0 0 0 0 0 0 0 0 0 0 0 0 0 0 0 0 0 0 0 0 0 0 0 0 0 0 0 0 0 0 0 0 0 0 0 0 0 0 0 0 0 0 0 0 0 0 0 0 0 0 0 0 0 0 0 0 0 0 0 0 0 0 0 0 0 0 0 0 0 0 0 0 ASV_87
ASV_89 0 0 0 0 0 0 0 0 0 16 6 0 0 0 1 0 0 0 0 0 0 0 0 0 0 1 0 0 0 0 0 0 0 0 0 0 0 0 0 0 0 0 0 0 0 0 0 0 0 0 0 0 0 0 0 0 0 0 0 0 0 0 0 0 0 0 0 0 0 0 0 0 0 0 0 0 0 0 0 0 0 0 3 0 0 0 0 0 0 0 0 0 0 0 ASV_89
ASV_92 2 0 0 0 0 0 0 0 0 0 0 0 0 0 0 0 0 0 0 0 0 0 0 0 0 0 0 0 0 0 0 0 0 0 0 0 0 0 0 0 0 0 0 0 0 0 0 0 0 0 0 0 0 0 0 0 0 0 0 0 0 0 0 0 0 0 0 0 0 0 0 0 0 0 0 0 0 0 0 0 0 0 0 0 0 0 0 0 0 0 0 0 0 3 ASV_92
ASV_99 98 25 0 5 0 34 28 27 35 57 97 0 0 25 0 0 12 36 24 14 38 9 0 25 22 20 15 15 0 0 20 0 0 0 17 12 8 19 15 0 98 0 0 38 0 57 0 0 0 27 12 0 0 0 18 73 15 0 21 0 19 9 19 23 14 21 0 8 13 25 0 48 17 0 25 0 29 0 10 71 16 0 26 26 0 0 0 6 0 26 38 0 27 11 ASV_99
ASV_101 0 0 0 0 0 0 0 0 0 0 0 0 0 0 0 0 0 0 6 0 0 0 0 0 0 0 0 0 0 0 0 0 0 0 0 8 0 0 0 0 0 0 0 0 0 0 0 7 0 0 0 0 0 0 0 0 0 0 0 0 0 0 0 0 0 0 10 0 0 0 0 0 0 0 0 0 0 0 0 0 0 5 0 0 0 0 0 0 0 0 0 0 0 0 ASV_101
ASV_102 0 0 0 0 0 0 0 0 0 0 0 0 0 0 0 0 0 0 0 0 0 0 0 0 0 0 0 0 0 0 0 0 0 0 0 0 0 0 0 0 0 0 0 0 0 0 0 0 0 0 0 0 0 0 0 0 0 0 0 0 0 0 0 0 0 0 0 0 0 0 0 0 0 0 0 0 0 0 0 0 6 0 0 0 0 0 0 0 0 0 0 0 0 0 ASV_102
ASV_107 0 0 0 16 0 4 30 19 0 0 0 0 0 41 0 0 21 35 35 0 12 33 18 64 0 0 12 7 0 0 0 0 41 0 33 31 16 28 21 0 0 0 0 0 0 0 27 0 0 23 11 0 0 0 0 0 12 0 0 0 10 9 19 0 0 14 17 28 11 16 31 0 7 15 13 0 35 0 7 0 8 0 7 0 0 0 0 23 36 34 24 19 33 77 ASV_107
ASV_112 0 0 0 4 0 15 0 20 0 42 10 0 0 26 0 0 7 24 0 0 0 11 0 0 1 22 27 0 0 16 133 20 23 0 0 37 8 26 27 0 14 6 18 0 0 0 0 0 0 20 7 0 0 37 14 0 0 12 12 0 12 7 10 0 23 23 20 13 25 41 14 0 18 0 18 10 37 0 16 0 0 0 9 0 0 0 0 19 18 24 16 21 29 42 ASV_112
ASV_114 0 0 0 0 0 0 0 0 0 0 0 0 0 0 0 0 0 0 0 0 0 0 0 0 0 0 0 0 0 0 0 0 0 0 0 0 0 0 0 0 0 2 0 0 0 0 0 0 0 0 0 9 0 0 0 0 0 0 0 0 0 0 0 0 0 0 0 0 0 0 0 0 0 0 0 0 0 0 0 0 0 0 0 0 0 0 0 0 0 0 0 0 0 0 ASV_114
ASV_115 0 0 0 0 0 0 0 0 0 11 0 0 0 0 0 0 0 0 0 0 0 0 0 0 0 0 0 0 0 0 0 0 0 0 0 0 0 0 0 0 0 0 0 0 0 0 0 0 0 0 0 0 0 0 0 0 0 0 0 0 0 0 0 0 0 0 0 0 0 0 0 0 0 0 0 0 0 0 0 0 0 0 0 0 0 0 0 0 0 0 0 0 0 0 ASV_115
ASV_116 0 32 0 10 0 36 0 0 34 0 46 0 0 30 0 21 0 0 0 0 0 7 7 0 20 22 34 42 0 0 20 17 34 31 17 18 9 18 10 0 0 30 48 0 0 0 0 8 0 12 3 0 0 15 36 0 10 0 12 0 15 6 26 0 19 22 17 4 10 0 6 0 2 5 18 0 29 0 0 68 27 0 26 29 0 0 0 18 19 0 34 21 18 10 ASV_116
ASV_119 0 0 0 0 0 0 0 0 0 0 0 0 0 0 0 0 0 0 0 0 0 0 0 0 0 0 0 0 0 0 0 0 0 0 0 0 0 0 0 0 0 8 0 0 0 0 0 0 0 0 0 0 0 0 0 0 0 0 0 0 0 0 0 0 0 0 0 0 0 0 0 0 0 0 0 0 0 0 0 0 0 0 0 0 0 0 0 0 0 0 0 0 0 0 ASV_119
ASV_120 32 0 0 3 0 13 0 23 34 0 42 0 0 23 0 47 18 24 48 0 27 13 22 0 0 0 16 13 0 0 0 10 42 0 47 33 11 29 32 0 0 0 0 0 0 0 0 0 0 22 8 0 0 0 0 0 16 0 0 0 5 0 10 0 0 16 0 21 0 14 53 0 2 46 30 0 27 0 28 0 0 0 7 0 0 0 0 38 22 15 28 17 11 36 ASV_120
ASV_122 0 0 10 0 0 0 0 0 0 0 0 0 0 0 0 0 0 0 0 0 0 0 0 0 0 0 0 0 0 0 0 0 0 0 0 0 0 0 0 0 0 0 0 0 0 0 0 0 0 0 0 8 0 0 0 0 0 0 0 0 0 0 0 0 0 0 0 0 0 0 0 0 0 0 0 0 0 0 0 0 0 0 0 0 0 0 0 0 0 0 0 0 0 0 ASV_122
ASV_123 0 0 0 0 0 0 0 0 0 0 0 0 0 12 0 0 0 0 0 0 4 0 0 0 0 0 0 0 0 0 0 0 0 0 0 4 0 0 0 0 0 0 0 0 0 0 0 0 0 0 0 11 0 0 0 0 0 0 0 0 0 0 0 0 0 0 0 0 0 0 0 0 0 0 0 0 0 0 0 0 0 0 0 0 0 0 0 0 0 0 0 0 0 0 ASV_123
ASV_124 0 0 0 0 0 0 0 0 0 0 0 0 0 0 0 0 0 0 0 0 7 0 0 0 0 0 0 0 0 0 0 0 0 0 0 0 0 0 0 0 0 0 0 0 0 0 0 0 0 0 0 0 0 0 0 0 0 0 0 0 0 0 0 0 0 0 0 0 0 0 0 0 0 0 0 0 0 0 0 0 0 0 0 0 0 0 0 0 0 0 0 0 0 0 ASV_124
ASV_125 0 0 0 0 0 0 0 0 0 0 0 0 0 0 0 0 0 11 0 0 0 0 0 0 0 0 0 0 0 0 0 0 0 0 0 0 0 0 0 0 0 0 0 4 0 0 0 0 0 0 0 0 0 0 0 0 0 0 0 14 0 0 0 0 0 0 0 0 0 0 0 0 0 0 0 0 0 0 0 0 0 0 0 0 0 0 0 0 0 0 0 0 0 0 ASV_125
ASV_127 0 0 0 6 0 20 11 30 28 0 0 0 0 18 0 13 4 1 4 9 18 5 6 4 0 0 10 8 0 0 94 0 0 0 12 30 0 17 41 0 0 0 0 0 0 0 9 11 0 26 18 0 0 54 12 7 9 13 24 0 15 10 7 0 15 43 12 11 0 23 4 29 14 24 36 0 44 0 19 5 8 0 5 15 0 0 0 8 10 8 21 36 20 36 ASV_127
ASV_128 0 0 0 0 0 0 0 26 0 0 0 0 0 23 0 0 0 7 0 38 0 0 0 0 15 0 23 0 0 0 61 13 0 28 7 21 15 13 17 0 0 92 64 54 0 0 36 73 0 12 13 0 0 34 33 103 0 0 36 0 26 0 1 0 0 0 9 10 0 9 10 0 6 0 18 96 0 0 40 0 0 0 0 0 0 0 0 15 15 15 22 0 37 29 ASV_128
ASV_130 0 0 0 6 0 16 4 44 33 39 0 0 0 0 0 49 7 0 0 37 11 9 0 0 0 0 0 0 0 0 0 0 0 42 2 13 12 17 15 0 0 0 0 0 0 75 0 55 0 25 31 0 0 34 29 76 1 0 15 0 0 7 8 0 0 0 0 0 0 0 0 49 9 0 5 0 29 0 26 0 0 0 13 18 0 0 0 27 28 22 26 46 45 19 ASV_130
ASV_131 0 0 0 0 0 0 0 0 0 0 0 0 0 0 0 0 0 0 0 0 0 0 0 0 0 0 0 0 0 0 0 0 0 0 0 0 0 0 0 0 0 0 0 0 5 0 0 0 0 0 0 0 0 0 0 0 0 0 0 0 0 0 0 0 0 0 0 0 0 0 0 0 0 0 0 0 0 0 0 0 0 0 0 0 0 0 0 0 0 0 0 0 0 0 ASV_131
ASV_133 0 0 0 0 0 0 0 0 0 2 0 0 0 0 0 0 0 1 0 0 0 0 0 0 0 0 0 0 0 0 0 0 0 0 0 0 0 0 0 0 0 0 0 0 0 0 0 0 0 0 0 0 0 0 0 0 0 0 0 0 0 0 0 0 0 0 0 0 0 0 0 0 0 0 0 0 0 0 6 0 0 0 0 0 0 0 0 0 0 0 0 0 0 5 ASV_133
ASV_135 17 0 0 4 0 0 0 0 0 0 0 0 0 0 0 0 0 153 0 0 0 42 11 0 15 0 0 0 0 0 0 0 22 19 0 15 5 4 0 0 0 0 0 0 0 0 0 4 0 0 13 0 0 0 0 0 0 0 0 0 0 0 0 0 0 0 30 0 0 0 9 0 0 0 0 0 0 0 0 0 0 0 0 0 0 0 0 156 83 37 29 138 47 90 ASV_135
ASV_137 0 0 0 8 0 26 0 29 26 0 0 0 0 15 0 69 0 0 0 0 0 0 0 0 0 0 0 0 0 0 31 24 40 36 0 22 24 18 25 0 0 124 47 0 0 69 21 47 0 0 8 0 0 14 0 0 0 30 0 0 20 0 2 0 17 29 0 0 20 2 0 0 1 0 0 58 41 0 0 19 0 0 11 9 0 0 0 33 28 6 0 67 52 33 ASV_137
ASV_138 0 0 0 30 0 0 0 24 0 0 0 0 0 58 0 0 3 0 0 8 0 19 3 0 13 5 0 0 0 0 0 40 0 29 19 29 0 18 40 0 0 0 67 51 0 65 0 4 0 16 4 0 0 7 19 0 0 0 22 0 63 0 0 19 10 18 0 15 11 0 11 28 4 13 7 164 19 0 0 0 0 0 0 0 0 0 0 0 0 0 17 0 0 0 ASV_138
ASV_140 0 0 0 44 0 13 0 0 0 0 0 0 0 113 0 0 4 19 19 0 0 0 0 0 5 0 14 0 0 0 0 54 45 55 16 15 11 31 34 0 0 28 40 33 0 92 25 0 0 0 0 0 0 0 22 0 0 7 28 0 32 0 6 0 0 0 10 13 14 17 11 0 11 0 0 108 0 0 6 0 0 0 0 0 0 0 0 0 5 0 0 0 9 0 ASV_140
ASV_142 4 0 0 0 0 0 0 0 0 0 0 0 0 0 0 0 0 0 0 0 0 0 0 0 0 0 0 0 0 0 0 0 0 0 0 0 0 0 0 0 0 0 0 0 0 0 0 0 0 0 0 0 0 0 0 0 0 0 0 0 0 0 0 0 0 0 0 0 0 0 0 0 0 0 0 0 0 0 0 0 0 0 0 0 0 0 0 0 0 0 0 0 0 0 ASV_142
ASV_143 0 0 0 0 0 0 0 0 0 0 0 0 0 0 0 0 0 0 0 0 0 0 0 0 0 0 1 0 0 0 0 0 0 0 0 0 0 0 0 0 0 0 0 0 0 0 0 0 0 0 0 0 0 0 0 0 0 0 0 0 0 0 0 0 0 0 0 0 0 0 0 0 0 0 0 0 0 0 0 0 0 0 0 0 0 0 0 0 0 0 0 0 0 0 ASV_143
ASV_144 0 0 0 7 0 29 0 29 0 38 0 0 0 19 0 0 0 0 0 24 0 7 7 5 0 0 14 0 0 6 0 26 36 12 5 14 20 28 18 0 0 33 0 0 0 0 0 13 0 0 7 0 0 5 6 0 0 0 11 0 40 0 10 34 10 24 10 26 14 28 26 0 16 18 17 0 18 0 0 0 4 0 0 22 0 0 0 20 6 22 0 9 17 23 ASV_144
ASV_145 0 12 0 1 0 0 13 0 38 0 17 0 0 28 0 37 5 12 0 0 10 4 0 0 7 24 21 5 0 0 39 25 16 0 7 11 8 12 18 0 0 21 64 25 0 40 13 13 0 10 11 0 0 13 0 15 3 24 31 0 35 3 0 0 9 24 0 16 37 15 0 50 12 0 30 18 16 0 23 11 0 0 16 0 0 0 0 0 11 12 14 0 8 12 ASV_145
ASV_147 15 0 0 0 0 0 0 0 0 0 0 0 0 0 0 0 0 0 0 0 0 0 0 0 0 0 0 0 0 0 0 0 0 0 0 0 0 0 0 0 0 0 0 0 0 0 0 0 0 0 0 0 0 0 0 0 0 0 0 0 0 0 0 0 0 0 0 0 0 0 0 0 0 0 0 0 0 0 0 0 0 0 0 0 0 0 0 0 0 0 0 0 0 0 ASV_147
ASV_148 0 0 0 5 0 30 0 7 27 0 25 0 0 0 0 0 0 0 0 0 0 0 0 15 14 30 28 0 0 0 66 17 22 34 19 20 6 17 6 0 0 18 70 82 0 0 0 17 0 14 10 0 0 26 6 17 15 12 32 0 31 0 0 0 17 32 0 0 10 5 0 42 9 0 31 37 7 0 0 23 0 0 24 16 0 0 0 10 0 29 13 0 8 8 ASV_148
ASV_149 0 0 0 2 0 20 0 10 0 0 0 0 0 22 0 0 0 0 0 0 0 0 0 26 24 38 22 4 0 0 40 16 51 0 13 13 7 13 11 0 0 27 41 92 0 52 0 19 0 12 9 0 0 17 10 46 15 0 21 0 34 0 0 0 8 20 0 0 9 12 0 0 8 0 12 21 0 0 0 17 0 0 34 0 0 0 0 16 6 22 18 0 11 17 ASV_149
ASV_152 37 19 0 6 0 24 0 25 0 0 8 0 0 0 0 0 0 13 0 23 0 0 9 17 0 19 6 0 0 0 0 31 55 0 0 18 7 14 14 0 0 69 0 0 0 0 0 75 0 0 22 0 0 23 0 0 0 0 10 0 0 0 0 0 0 0 0 0 0 0 0 27 7 12 0 27 0 0 0 0 11 0 0 0 0 0 0 57 30 0 0 63 29 58 ASV_152
ASV_156 22 10 0 16 0 0 0 0 0 31 45 0 0 0 0 7 14 25 29 0 0 6 0 0 43 12 6 17 0 0 0 0 14 0 13 8 6 6 0 0 21 0 0 0 0 0 0 11 0 22 8 0 0 14 0 11 19 0 9 0 8 0 11 14 13 6 28 18 5 4 0 43 10 27 16 9 30 0 15 21 18 0 25 13 0 0 0 17 0 19 0 0 0 0 ASV_156
ASV_158 0 20 0 10 0 9 17 36 10 13 0 0 0 0 0 15 14 8 0 10 8 13 26 38 0 22 14 13 0 0 0 35 0 0 13 27 24 18 14 0 25 51 0 0 0 0 0 8 0 0 2 0 0 2 0 3 0 0 0 0 11 10 11 34 3 14 4 16 8 15 0 0 30 15 0 0 14 0 0 0 0 0 0 0 0 0 0 0 12 25 14 0 5 19 ASV_158
ASV_163 0 0 0 10 0 24 0 0 10 23 9 0 0 0 0 0 0 0 0 0 17 0 4 35 0 65 0 0 0 0 6 8 0 0 0 0 0 7 6 0 0 0 0 22 0 0 3 6 0 20 49 0 0 55 13 0 0 0 0 0 20 0 0 30 0 0 0 11 0 12 0 65 20 10 30 0 0 0 0 0 0 0 16 0 0 0 0 26 0 6 0 0 125 36 ASV_163
ASV_164 0 0 0 0 0 0 0 0 0 0 0 0 0 0 0 0 0 0 6 0 0 0 0 0 0 0 0 0 0 0 0 0 0 0 0 0 0 0 0 0 0 0 0 0 0 0 0 0 0 0 0 0 0 0 0 0 0 0 0 0 0 0 0 0 0 0 0 0 0 0 0 0 0 0 0 0 0 0 0 0 0 0 0 0 0 0 0 0 0 0 0 0 0 0 ASV_164
ASV_166 0 0 0 0 0 0 0 0 0 0 0 0 0 0 0 0 0 0 0 0 0 0 0 0 0 0 0 0 0 0 0 0 0 0 0 0 0 0 0 0 0 0 0 0 0 0 0 0 0 0 0 0 0 0 0 0 0 0 0 0 0 0 0 0 0 0 0 0 0 1 0 0 0 0 0 0 0 0 0 0 0 0 0 0 0 0 0 0 0 0 0 0 0 0 ASV_166
ASV_170 0 0 0 4 0 0 0 10 0 0 0 0 0 0 0 0 5 0 0 0 0 0 0 16 0 32 0 0 0 0 0 0 0 0 0 10 0 10 17 0 0 0 0 0 0 0 0 0 0 48 84 0 0 70 0 0 0 0 0 0 0 0 0 0 0 14 0 0 0 7 0 105 19 0 47 12 23 0 35 0 0 0 0 0 0 0 0 0 0 0 0 0 75 26 ASV_170
ASV_172 0 0 0 0 0 0 0 0 0 0 0 0 0 0 0 0 0 0 0 0 0 0 0 0 0 0 0 0 0 0 0 0 0 0 0 0 0 0 0 0 0 0 0 0 0 0 0 0 0 0 0 0 0 0 0 0 0 0 0 0 0 0 0 0 0 0 0 0 0 0 26 0 0 0 0 0 0 0 0 0 0 0 0 0 0 0 0 0 0 0 0 0 0 0 ASV_172
ASV_175 0 0 0 0 0 0 0 0 0 0 0 0 0 0 0 0 0 0 0 0 0 0 3 0 0 0 0 0 0 0 0 0 0 0 0 0 0 0 0 0 0 0 0 0 0 0 0 0 0 0 0 0 0 0 0 0 0 0 0 0 0 0 0 14 0 0 0 0 0 0 0 0 0 0 0 0 0 0 0 0 0 0 0 0 0 0 0 0 0 0 0 0 0 0 ASV_175
ASV_176 10 0 0 10 0 24 32 28 0 0 22 0 0 8 0 19 6 0 0 21 8 16 39 27 0 0 0 14 0 0 0 14 21 28 0 23 15 16 11 0 0 0 0 21 0 0 0 0 0 7 9 0 0 0 0 0 0 4 15 0 18 0 15 7 0 9 0 36 4 0 14 28 35 19 4 0 13 0 12 0 3 0 0 0 0 0 0 15 12 18 11 0 0 0 ASV_176
ASV_177 0 0 0 0 0 0 0 0 0 0 0 0 0 0 1 0 0 0 0 0 0 0 0 0 0 0 0 0 0 0 0 0 0 0 0 0 0 0 0 0 0 0 0 0 0 0 0 0 0 0 0 0 0 0 0 0 0 0 0 0 0 0 0 0 0 0 0 0 0 0 0 0 0 0 0 0 0 0 0 0 0 0 0 0 0 0 0 0 0 0 0 0 0 0 ASV_177
ASV_178 0 0 0 10 0 23 38 42 37 0 78 0 0 23 0 0 10 0 34 0 0 27 0 0 0 0 0 0 0 0 0 33 36 27 23 0 0 15 15 0 0 45 31 0 0 0 0 0 0 0 5 0 0 0 17 0 0 0 0 0 0 23 22 0 0 17 33 32 0 0 0 0 0 0 0 0 34 0 0 28 23 0 19 0 0 0 0 0 0 0 0 47 0 0 ASV_178
ASV_179 0 0 0 0 0 0 0 0 0 0 0 0 0 26 0 102 0 0 0 0 0 0 0 30 0 0 0 0 0 0 0 39 0 48 0 44 198 38 0 0 0 0 0 48 0 0 0 46 0 0 0 0 0 0 0 0 0 0 14 0 0 0 0 0 0 0 0 0 0 0 0 0 0 0 0 0 0 0 0 0 0 0 0 0 0 0 0 0 0 0 0 0 43 0 ASV_179
ASV_184 51 53 0 15 0 28 50 18 20 0 0 0 0 0 0 6 5 0 15 51 0 12 26 51 0 49 27 32 0 0 0 0 10 0 0 0 5 0 0 0 0 0 0 0 0 0 0 0 0 0 0 0 0 0 0 0 23 0 0 0 0 18 0 16 0 0 0 0 0 0 0 0 31 0 11 0 22 0 0 34 42 0 0 23 0 0 0 0 0 0 21 0 0 12 ASV_184
ASV_186 0 0 0 0 0 0 0 0 0 0 0 0 0 0 0 190 0 0 0 33 0 14 0 34 0 0 0 0 0 0 0 49 38 75 9 27 115 37 0 0 0 0 74 29 0 44 0 43 0 0 0 0 0 0 0 0 0 0 28 0 0 0 0 0 0 0 0 0 0 0 0 0 0 0 0 0 0 0 0 0 0 0 0 0 0 0 0 0 5 0 0 35 30 0 ASV_186
ASV_189 0 0 0 0 0 0 0 0 0 0 0 0 0 0 0 0 0 0 0 0 0 0 0 0 0 0 0 0 0 0 0 0 0 0 0 0 0 0 0 0 0 0 0 0 0 0 0 0 0 0 0 0 0 0 0 0 0 0 0 0 0 0 0 0 1 0 0 0 2 0 0 0 0 0 0 0 0 0 0 0 0 0 0 0 0 0 0 0 0 0 0 0 0 0 ASV_189
ASV_190 0 0 0 0 0 0 0 0 0 0 0 0 0 0 0 0 0 0 0 0 0 0 0 0 0 0 0 0 0 0 0 0 0 0 0 0 0 0 0 0 0 0 0 0 0 0 0 0 0 0 0 0 0 0 0 0 0 0 0 0 0 0 0 0 0 0 0 0 0 0 0 0 7 0 0 0 0 0 0 0 0 0 0 0 0 0 0 0 0 0 0 0 0 0 ASV_190
ASV_194 0 0 0 0 0 0 0 0 0 22 0 0 0 0 0 0 5 86 16 0 0 33 0 0 0 0 0 8 0 0 0 6 0 0 5 0 4 10 0 0 0 0 0 0 0 0 0 0 0 8 29 0 0 0 0 0 0 0 0 0 0 0 0 0 0 0 35 0 0 0 13 0 0 0 0 0 0 0 0 0 0 0 0 0 0 0 0 97 70 27 16 89 25 69 ASV_194
ASV_199 0 0 0 0 0 0 0 0 0 0 0 0 0 0 0 0 0 0 0 0 0 0 0 0 0 0 0 0 0 0 0 0 0 0 0 0 0 0 0 0 0 0 0 0 0 0 0 0 0 0 0 0 0 0 0 0 0 0 0 0 0 0 0 0 0 0 0 0 0 0 0 0 0 0 0 0 0 0 0 0 0 0 0 4 0 0 0 0 0 0 0 0 0 0 ASV_199
ASV_200 0 0 0 0 0 0 0 0 0 0 0 0 0 0 0 0 0 0 0 0 0 0 0 0 0 0 0 0 0 0 0 0 0 0 0 0 0 0 0 0 0 0 0 0 0 0 0 0 0 0 0 0 0 0 0 0 0 0 0 0 0 0 0 0 0 0 0 0 0 0 0 9 0 0 0 0 0 0 0 0 0 0 0 0 0 0 0 0 0 0 0 0 0 0 ASV_200
ASV_201 0 0 0 0 0 0 0 0 0 0 0 73 59 0 65 0 0 0 0 0 0 0 0 0 0 0 0 0 0 0 0 0 0 0 0 0 0 0 0 176 0 0 0 0 85 0 0 0 0 0 0 96 24 0 0 0 0 0 0 63 0 0 0 0 0 0 0 0 0 0 0 0 0 0 0 0 0 0 0 0 0 36 0 0 57 58 0 0 0 0 0 0 0 0 ASV_201
ASV_203 0 0 0 4 0 0 15 15 0 0 0 0 0 0 0 0 8 11 12 25 0 0 12 5 0 10 8 0 0 0 0 6 41 0 15 14 29 8 19 0 36 0 0 0 0 0 0 0 0 0 11 0 0 2 0 0 0 2 0 0 17 0 6 0 17 0 6 15 19 11 0 14 19 12 31 0 0 0 0 0 2 0 9 0 0 0 0 18 6 18 10 0 0 14 ASV_203
ASV_207 0 0 0 0 0 0 0 0 0 0 0 0 0 0 0 0 0 0 0 0 0 0 0 0 0 0 0 0 0 0 0 0 0 0 0 0 0 0 0 0 0 0 0 0 0 0 0 0 0 0 0 0 0 0 0 0 0 0 0 0 0 0 0 0 0 0 0 0 0 0 0 0 0 0 0 50 0 0 0 0 0 0 0 0 0 0 0 0 0 0 0 0 0 0 ASV_207
ASV_208 0 0 0 0 0 0 0 0 0 0 0 0 0 0 0 0 0 0 0 0 0 0 0 0 0 0 0 0 0 0 0 11 3 0 0 0 0 0 0 0 0 0 0 0 0 0 0 0 0 0 0 0 0 0 0 0 0 0 0 0 0 0 0 0 0 0 0 0 0 0 4 0 0 0 0 0 0 0 0 0 0 0 0 0 0 0 0 0 0 0 0 0 0 0 ASV_208
ASV_209 22 0 0 12 0 0 0 34 74 95 35 0 0 43 0 24 3 4 0 0 0 0 0 0 27 0 0 0 0 0 0 0 0 0 14 0 5 0 0 0 0 60 79 15 0 0 0 53 0 8 12 0 0 18 0 0 0 0 0 0 0 0 0 6 0 14 0 24 0 0 0 0 6 0 15 0 32 0 0 0 0 0 0 0 0 0 0 22 11 41 0 0 0 0 ASV_209
ASV_210 0 0 0 14 0 0 0 0 0 28 0 0 0 49 0 28 0 16 0 0 0 9 14 0 0 17 15 0 0 0 0 0 0 0 30 28 0 23 8 0 0 0 0 0 0 0 0 0 0 0 0 0 0 27 0 0 0 0 45 0 19 0 7 0 20 27 0 17 16 15 0 76 8 0 26 0 0 0 0 0 0 0 0 0 0 0 0 24 0 0 0 0 0 0 ASV_210
ASV_211 0 0 0 0 0 0 0 0 0 0 0 350 21 0 17 0 0 0 0 0 0 0 0 0 0 0 0 0 0 0 0 0 0 0 0 0 0 0 0 86 0 0 0 0 0 0 0 0 0 0 0 103 105 0 0 0 0 0 0 0 0 0 0 0 0 0 0 0 0 0 0 0 0 0 0 0 0 0 0 0 0 9 0 0 29 0 0 0 0 0 0 0 0 0 ASV_211
ASV_212 0 15 0 0 0 0 0 18 31 0 0 0 0 69 0 36 13 0 0 0 0 7 0 0 0 21 0 0 0 0 0 26 64 35 0 19 26 10 0 0 0 21 22 0 0 69 0 10 0 12 8 0 0 0 0 0 0 31 35 0 0 0 0 94 13 17 0 25 44 2 0 0 16 0 11 0 0 0 14 0 0 0 0 7 0 0 0 0 0 0 0 0 0 0 ASV_212
ASV_213 0 0 0 0 0 0 0 0 0 0 0 0 0 0 0 0 0 0 0 0 0 0 0 0 0 0 0 0 0 0 0 0 0 0 0 0 0 0 0 0 0 0 0 0 0 0 0 0 0 0 0 0 0 0 0 0 0 0 0 0 0 0 0 0 0 0 0 0 0 0 0 0 0 0 0 0 0 0 0 0 0 24 0 0 0 0 0 0 0 0 0 0 0 0 ASV_213
ASV_214 0 0 0 0 0 0 0 0 0 0 0 0 0 0 0 0 3 0 0 0 0 0 0 0 0 0 0 0 0 0 0 0 0 0 0 0 0 0 0 0 0 0 0 0 0 0 0 0 0 0 0 0 0 0 0 0 0 0 0 0 0 0 0 0 0 0 0 0 0 0 0 0 0 0 0 0 0 0 0 0 0 0 0 0 0 0 0 0 0 0 0 0 0 0 ASV_214
ASV_217 11 0 0 4 0 0 0 9 21 31 66 0 0 28 0 28 0 3 0 14 0 0 0 9 0 0 9 0 0 0 8 15 42 47 7 12 12 14 4 0 0 0 34 0 0 72 0 18 0 0 8 0 0 29 3 64 2 17 13 0 13 0 6 0 7 0 0 6 0 4 0 0 8 0 12 20 20 0 25 14 0 0 5 0 0 0 0 0 7 17 0 0 24 0 ASV_217
ASV_219 0 0 0 0 0 0 0 0 0 0 0 0 0 0 0 0 0 0 0 0 0 0 0 0 0 0 0 0 0 0 0 0 0 0 0 0 0 0 0 0 0 0 0 18 0 0 0 0 0 0 0 0 0 0 0 0 0 0 0 0 0 0 0 0 0 0 0 0 0 0 0 0 0 0 0 0 0 0 0 0 0 0 0 0 0 0 0 0 0 0 0 0 0 0 ASV_219
ASV_220 0 0 0 0 0 0 0 0 0 0 0 0 0 0 0 0 0 0 0 0 0 0 0 0 0 10 0 0 0 0 0 0 0 0 0 0 0 0 0 0 0 0 0 0 0 0 0 0 0 0 0 0 0 0 0 0 0 0 0 0 0 0 0 0 0 0 0 0 0 0 0 0 0 0 0 0 0 0 0 0 0 0 0 0 0 0 0 0 0 0 0 0 0 0 ASV_220
ASV_225 0 0 0 0 0 0 0 0 0 0 0 0 0 0 0 0 0 0 0 0 0 0 0 0 0 0 0 0 0 0 0 0 0 0 0 0 0 0 0 0 0 0 0 0 0 0 0 0 0 0 0 0 0 0 0 0 0 0 0 0 0 0 0 0 0 0 0 0 0 0 0 0 0 0 0 0 0 0 0 0 0 0 0 0 0 0 0 0 0 0 0 27 0 0 ASV_225
ASV_226 0 0 0 0 0 0 0 0 0 0 0 0 0 0 0 0 0 0 0 0 0 0 0 0 7 0 0 0 0 0 0 0 0 0 0 0 0 0 0 0 0 0 0 0 0 0 0 0 0 0 0 0 0 0 0 0 0 0 0 0 0 0 0 0 0 0 0 0 0 0 0 0 0 0 0 0 0 0 0 0 0 0 0 0 0 0 0 0 0 0 0 13 0 0 ASV_226
ASV_229 0 0 0 0 0 0 0 0 0 0 0 0 0 0 0 0 0 0 0 0 0 0 0 0 0 0 0 0 0 0 0 0 0 0 0 0 0 0 0 0 0 0 0 0 0 0 0 0 0 0 0 0 0 0 0 0 0 0 0 0 0 0 0 0 0 0 0 0 0 0 0 19 0 0 0 0 0 0 0 0 0 9 0 0 0 0 0 0 0 0 0 0 0 0 ASV_229
ASV_231 0 0 0 0 0 0 0 0 0 0 0 11 0 0 0 0 0 0 0 0 0 0 0 0 0 0 0 0 0 0 0 0 0 0 0 0 0 0 0 0 0 0 0 0 0 0 0 0 0 0 0 0 0 0 0 0 0 0 0 0 0 0 0 0 0 0 0 0 0 0 0 0 0 0 0 0 0 0 0 0 0 0 0 0 0 0 0 0 0 0 0 0 0 0 ASV_231
ASV_232 0 0 0 11 0 10 0 9 10 0 0 0 0 0 0 0 5 0 0 0 17 0 12 0 26 0 16 0 0 0 0 0 0 0 0 0 0 0 6 0 0 0 0 9 0 0 24 0 0 14 5 0 0 0 33 0 39 10 0 0 0 15 0 0 9 0 0 0 18 8 30 0 21 0 16 0 20 0 0 0 0 0 20 18 0 0 0 0 0 14 22 0 15 13 ASV_232
ASV_233 0 0 0 0 0 0 0 0 0 0 0 0 0 0 0 0 0 0 0 0 0 0 0 0 0 0 0 0 0 0 0 0 0 0 0 0 0 0 0 0 0 0 0 0 0 0 0 0 0 0 0 0 0 0 0 28 0 0 0 0 0 0 0 0 0 0 0 0 0 0 0 0 0 0 0 0 0 0 0 0 0 0 0 0 0 0 0 0 0 0 0 0 0 0 ASV_233
ASV_234 18 0 0 0 0 0 0 0 0 0 0 0 0 0 0 0 0 0 0 0 0 0 0 0 0 0 0 0 0 0 0 0 0 0 0 0 0 0 0 0 0 0 0 0 0 0 0 0 0 0 0 0 0 0 0 0 0 0 0 0 0 0 0 0 0 0 0 0 0 0 0 0 0 0 0 0 0 0 0 0 0 0 0 0 0 0 0 0 0 0 0 0 0 0 ASV_234
ASV_235 0 0 0 5 0 0 0 0 0 0 0 0 0 0 0 0 0 27 0 0 0 0 7 0 0 16 11 19 0 0 62 0 0 0 14 0 22 7 12 0 68 0 0 0 0 0 0 0 0 21 0 0 0 0 0 0 6 0 22 0 11 0 16 0 7 0 0 0 0 20 0 0 0 0 10 0 0 0 0 0 0 0 0 0 0 0 0 35 15 0 21 0 29 22 ASV_235
ASV_236 0 0 0 12 0 0 24 0 20 28 0 0 0 0 0 0 8 0 30 0 0 31 0 0 20 34 67 46 0 50 0 0 0 0 0 0 0 0 2 0 25 0 0 0 0 0 0 0 0 0 0 0 0 0 0 0 29 13 0 0 5 53 9 7 0 17 0 12 0 0 0 0 13 0 0 0 0 0 0 0 0 0 0 9 0 0 0 0 10 28 0 0 0 33 ASV_236
ASV_238 19 0 0 0 0 0 0 0 0 0 0 0 0 39 0 20 10 10 0 0 0 0 0 0 0 0 0 0 0 0 0 31 34 0 0 0 40 0 4 0 0 73 0 19 0 0 0 0 0 0 16 0 0 0 0 0 0 26 23 0 0 0 0 90 18 6 0 22 56 0 18 44 10 0 19 0 0 0 4 0 0 0 0 0 0 0 0 0 10 21 0 0 0 0 ASV_238
ASV_239 0 0 0 0 0 0 0 0 0 0 0 0 0 0 0 9 0 0 0 0 0 0 0 0 0 0 3 0 0 0 0 0 0 0 0 0 0 0 0 0 0 0 0 0 0 0 0 0 0 0 0 0 0 0 0 0 0 0 0 0 0 0 0 0 0 0 0 0 0 0 0 0 0 0 0 0 0 0 0 0 0 0 0 0 0 0 0 0 0 0 0 0 0 0 ASV_239
ASV_241 0 0 0 0 0 0 0 0 0 0 0 0 0 0 0 0 0 0 0 0 0 0 0 0 0 0 0 0 0 0 0 0 0 0 0 0 0 0 0 0 0 0 0 0 0 0 0 0 0 0 0 0 0 0 0 0 0 0 0 0 0 0 0 0 0 0 0 0 0 0 0 0 0 0 0 0 0 0 0 0 0 0 0 0 0 0 3 0 0 0 0 0 0 0 ASV_241
ASV_242 0 0 0 0 0 22 0 33 0 0 0 0 0 0 0 0 0 0 0 17 0 0 0 7 0 12 34 23 0 0 36 0 0 16 0 18 23 17 9 0 0 0 0 0 0 0 31 21 0 8 5 0 0 14 0 39 0 0 0 0 12 0 0 0 0 21 0 0 0 9 0 31 0 0 0 0 0 0 0 0 0 0 0 0 0 0 0 0 17 0 21 35 19 21 ASV_242
ASV_243 0 0 0 0 0 0 0 0 0 0 0 59 0 0 94 0 0 0 0 0 0 0 0 0 0 0 0 0 51 0 0 0 0 0 0 0 0 0 0 94 0 0 0 0 49 0 0 0 0 0 0 76 17 0 0 0 0 0 0 45 0 0 0 0 0 0 0 0 0 0 0 0 0 0 0 0 0 0 0 0 0 45 0 0 90 65 0 0 0 0 0 0 0 0 ASV_243
ASV_244 0 0 0 0 0 0 0 0 0 0 0 0 0 0 0 0 0 0 0 0 0 0 0 0 0 0 0 0 6 0 0 0 0 0 0 0 0 0 0 0 0 0 28 0 0 0 0 0 0 0 0 0 0 0 0 0 0 0 0 0 0 0 0 0 0 0 0 0 0 0 0 0 0 0 0 0 0 0 0 0 0 0 0 0 0 0 0 0 0 0 0 0 0 0 ASV_244
ASV_249 0 0 0 0 0 0 0 0 0 0 0 0 0 0 0 0 0 1 0 0 0 0 1 0 306 0 0 0 0 0 0 0 0 0 0 0 0 0 0 0 0 0 0 17 0 0 16 0 0 0 0 0 0 0 0 0 4 0 0 0 0 0 32 0 13 2 0 0 2 9 0 3 4 0 0 3 18 0 0 0 0 0 1 0 0 0 0 0 0 0 0 0 0 0 ASV_249
ASV_250 0 0 0 0 0 0 0 0 0 0 0 0 0 0 0 0 0 0 0 0 0 0 0 0 0 0 0 0 0 0 0 0 0 0 0 0 0 0 0 0 0 0 0 0 0 0 0 0 0 0 0 0 0 0 0 0 0 0 0 0 0 0 0 0 0 0 0 0 0 1 0 0 0 0 0 0 0 0 0 0 0 0 0 0 0 0 0 0 0 0 0 0 0 0 ASV_250
ASV_253 0 0 0 0 0 0 0 0 0 0 0 0 0 0 0 0 0 0 0 0 0 0 0 0 0 0 0 0 0 0 0 0 0 0 0 0 0 0 0 0 7 0 0 0 0 0 0 0 0 0 0 0 0 0 0 0 0 0 0 0 0 0 0 0 0 0 0 0 0 0 0 0 0 0 0 0 0 0 0 0 0 0 0 0 0 0 0 0 0 0 0 0 0 0 ASV_253
ASV_255 0 0 0 0 0 0 0 0 0 0 0 0 0 0 0 0 0 0 0 0 0 0 0 0 0 0 0 0 0 0 0 0 0 0 0 0 0 0 0 10 0 0 0 0 0 0 0 0 0 0 0 0 0 0 0 0 0 0 0 0 0 0 0 0 0 0 0 0 0 0 0 0 0 0 0 0 0 0 0 0 0 0 0 0 0 11 0 0 0 0 0 0 0 0 ASV_255
ASV_256 0 0 0 0 0 0 0 0 0 0 0 0 0 0 0 0 0 0 0 0 0 0 0 0 0 0 0 0 0 0 0 0 0 0 0 0 0 0 0 0 0 0 0 0 0 0 0 0 0 0 0 0 0 0 0 0 0 0 0 0 0 0 0 0 0 0 0 0 0 0 0 0 0 0 0 0 0 0 0 0 0 0 0 0 0 0 0 0 0 0 0 0 25 0 ASV_256
ASV_261 0 0 0 0 0 0 0 0 0 0 0 0 0 0 0 0 0 0 0 0 0 0 0 0 0 0 0 0 0 0 0 0 0 0 0 0 0 0 0 0 0 0 0 8 0 0 0 0 0 0 0 0 0 0 0 0 0 0 0 0 0 0 0 0 0 0 0 0 0 0 0 0 0 0 0 0 0 0 0 0 0 0 0 0 0 0 0 0 0 0 0 0 0 0 ASV_261
ASV_262 0 0 0 0 0 10 0 0 0 0 0 0 0 0 0 0 0 0 0 0 0 0 0 0 0 0 0 0 0 0 0 0 0 0 0 0 0 0 0 0 0 0 0 0 0 0 0 0 0 0 0 0 0 0 0 0 0 0 0 0 0 0 0 0 0 0 0 0 0 0 0 0 0 0 0 0 0 0 0 0 0 0 0 0 0 0 0 0 0 0 0 0 0 0 ASV_262
ASV_263 0 0 0 0 0 0 0 0 0 0 0 0 0 0 0 23 0 0 41 14 41 0 0 0 0 0 0 0 0 34 0 0 0 0 19 0 5 2 9 0 0 0 0 0 0 0 0 0 0 0 8 0 0 16 0 0 8 0 0 0 0 0 0 0 0 48 21 24 5 26 21 0 4 0 10 0 50 0 0 0 0 0 11 0 0 0 0 21 5 19 0 28 8 0 ASV_263
ASV_265 0 0 0 0 0 0 0 0 0 0 0 0 0 0 0 0 0 0 0 0 0 0 0 0 0 0 0 0 0 0 0 0 0 0 0 0 0 0 0 0 0 0 0 0 0 0 0 0 0 0 0 0 0 0 0 0 0 0 0 0 0 0 0 9 0 0 0 0 0 0 0 0 0 0 0 0 0 0 0 0 0 0 0 0 0 0 0 0 0 0 0 0 0 0 ASV_265
ASV_266 0 0 0 6 0 4 0 0 0 0 8 0 0 29 0 0 14 11 0 0 0 9 19 7 0 0 22 0 0 0 0 23 0 2 0 15 0 17 13 0 0 0 0 0 0 0 0 5 0 12 5 0 0 0 0 0 0 0 6 0 9 8 18 9 0 8 12 11 0 12 19 0 7 0 0 0 0 0 0 0 0 0 0 0 0 0 0 14 11 11 17 0 20 17 ASV_266
ASV_269 0 0 0 0 0 0 0 0 0 0 0 3 0 0 0 0 0 0 0 0 0 0 0 0 0 0 0 0 0 0 0 0 0 0 0 0 0 0 0 0 0 0 0 0 0 0 0 0 0 0 0 0 2 0 0 0 0 0 0 0 0 0 0 0 0 0 0 0 0 0 0 0 0 0 0 0 0 0 0 0 0 0 0 0 0 0 0 0 0 0 0 0 0 0 ASV_269
ASV_271 0 0 0 0 0 0 0 0 0 0 0 0 122 0 63 0 0 0 0 0 0 0 0 0 0 0 0 0 159 0 0 0 0 0 0 0 0 0 0 49 0 0 0 0 23 0 0 0 0 0 0 63 15 0 0 0 0 0 0 88 0 0 0 0 0 0 0 0 0 0 0 0 0 0 0 0 0 0 0 0 0 0 0 0 73 0 0 0 0 0 0 0 0 0 ASV_271
ASV_272 0 0 0 7 0 18 0 0 12 0 0 0 0 0 0 20 4 44 0 0 11 13 0 0 0 31 8 0 0 0 10 0 0 0 0 0 4 0 7 0 0 30 0 7 0 0 18 7 0 0 2 0 0 9 0 0 14 26 18 0 0 11 0 0 2 6 0 6 0 0 0 0 7 25 2 0 0 0 19 39 0 0 5 47 0 0 0 0 6 0 12 26 18 6 ASV_272
ASV_274 0 0 0 0 0 0 0 0 0 0 0 0 17 0 0 0 0 0 0 0 0 0 0 0 0 0 0 0 0 0 0 0 0 0 0 0 7 0 0 0 0 5 0 0 0 0 0 0 0 0 0 0 0 0 0 0 0 0 0 0 0 0 0 0 0 0 0 0 0 0 0 0 0 0 0 0 0 0 0 0 0 0 0 0 0 0 0 0 0 0 0 0 0 0 ASV_274
ASV_276 0 0 0 0 0 0 0 0 0 0 0 0 25 0 50 0 0 0 0 0 0 0 0 0 0 0 0 0 0 0 0 0 0 0 0 0 0 0 0 0 0 0 0 0 0 0 0 0 0 0 0 139 28 0 0 0 0 0 0 257 0 0 0 0 0 0 0 0 0 0 0 0 0 0 0 0 0 0 0 0 0 0 0 0 0 0 0 0 0 0 0 0 0 0 ASV_276
ASV_279 39 0 0 0 0 10 11 42 0 44 36 0 0 6 0 0 8 0 0 19 10 0 0 0 2 27 0 0 0 0 0 18 0 0 4 0 4 6 4 0 0 0 0 0 0 0 0 20 0 13 9 0 0 21 7 0 0 0 0 0 2 0 0 0 0 0 0 0 0 0 0 17 5 0 0 0 29 0 4 0 0 0 0 0 0 0 0 16 12 0 10 62 32 22 ASV_279
ASV_280 0 0 0 7 0 0 0 0 0 0 0 0 0 0 0 0 6 0 0 0 7 10 0 0 0 0 17 7 0 0 8 0 0 0 0 20 18 8 13 0 0 27 0 0 0 20 0 0 0 24 4 0 0 0 0 0 0 0 0 0 14 10 11 0 0 24 0 15 0 0 0 0 17 25 21 0 22 0 0 5 0 0 0 0 0 0 0 0 11 13 18 3 14 0 ASV_280
ASV_281 0 0 0 0 0 24 0 0 0 0 0 0 0 0 0 0 0 0 0 0 0 0 0 0 0 15 0 0 0 0 0 21 0 93 0 0 36 19 3 0 0 19 0 0 0 0 0 3 0 0 87 0 0 0 0 0 0 8 12 0 3 0 0 51 0 0 0 0 0 0 0 0 12 0 0 0 0 0 6 0 0 0 0 0 0 0 0 0 6 0 0 0 0 0 ASV_281
ASV_282 0 0 0 5 0 0 0 0 29 0 45 0 0 0 0 0 14 27 16 0 28 0 0 0 20 0 0 0 0 0 29 0 0 0 22 0 0 11 11 0 0 0 14 0 0 0 0 3 0 27 3 0 0 0 42 0 8 0 14 0 0 0 6 0 0 0 33 0 6 0 24 0 0 0 0 0 0 0 0 0 8 0 7 0 0 0 0 0 0 0 20 22 6 7 ASV_282
ASV_283 0 0 0 0 0 0 0 0 0 0 0 0 0 0 0 0 0 0 0 0 0 0 0 0 0 0 1 0 13 0 0 0 0 0 0 0 0 0 0 0 0 21 0 0 0 0 0 0 0 0 0 0 0 0 0 0 0 0 0 0 0 0 0 0 0 0 0 0 0 0 0 0 0 0 0 0 0 0 0 0 0 0 0 0 0 0 0 0 0 0 0 0 0 0 ASV_283
ASV_284 50 13 0 0 0 0 0 0 22 110 18 0 0 39 0 0 0 0 30 23 0 0 9 0 0 0 0 18 0 0 0 28 30 0 0 0 3 2 0 0 0 0 49 0 0 0 0 15 0 0 3 0 0 4 0 45 0 0 0 0 0 5 7 0 0 0 13 0 0 0 0 57 4 0 0 0 24 0 0 0 21 0 0 0 0 0 0 20 7 29 0 0 11 15 ASV_284
ASV_285 0 0 0 0 0 0 0 0 0 0 0 0 0 0 0 0 0 5 0 0 0 0 0 0 0 0 0 0 0 0 0 0 0 0 0 0 0 0 0 0 0 0 0 0 0 0 0 0 0 0 0 0 0 0 0 0 0 0 0 0 0 0 0 0 0 1 0 0 0 0 0 0 0 0 0 0 0 0 0 0 0 0 0 0 0 0 0 0 0 0 0 0 0 0 ASV_285
ASV_286 0 0 0 0 0 0 0 0 0 14 0 0 0 0 0 0 0 0 4 0 0 0 0 0 0 11 0 0 0 0 0 0 0 0 20 0 0 0 4 0 0 0 0 0 0 0 0 0 0 25 0 0 0 230 89 0 5 0 0 0 0 0 0 0 0 0 0 0 0 0 0 0 0 0 0 38 0 0 0 0 0 0 0 0 0 0 0 0 0 0 13 0 0 0 ASV_286
ASV_288 0 0 0 3 0 0 0 0 0 0 0 0 0 0 0 0 0 18 26 0 33 11 15 34 0 0 28 52 0 0 0 0 0 0 18 0 0 10 19 0 0 0 12 0 0 0 0 0 0 0 4 0 0 7 0 0 0 0 0 0 0 19 7 12 10 17 13 0 0 0 19 0 14 23 4 0 0 0 0 0 0 0 0 0 0 0 0 0 0 11 0 0 0 0 ASV_288
ASV_289 4 0 0 22 0 23 34 24 0 0 0 0 0 0 0 28 6 0 0 24 15 12 8 23 0 21 0 5 0 0 0 19 13 32 0 7 0 6 5 0 0 0 0 0 0 0 0 0 0 0 5 0 0 0 0 0 0 0 13 0 7 0 2 32 0 0 0 0 0 0 0 0 9 0 11 0 0 0 0 0 7 0 0 38 0 0 0 0 10 14 15 0 0 6 ASV_289
ASV_290 0 0 0 0 0 0 0 0 0 0 0 0 0 0 0 0 0 0 0 0 0 0 0 0 0 9 0 0 0 0 0 0 0 0 0 0 0 0 0 0 0 0 0 0 0 0 0 0 6 0 0 0 0 0 0 0 0 0 0 0 0 0 0 0 0 0 0 0 0 0 0 0 0 0 0 0 0 0 0 0 0 0 0 0 0 0 0 0 0 0 0 0 0 0 ASV_290
ASV_291 0 0 0 7 0 16 0 0 0 0 0 0 0 13 0 0 14 0 17 0 0 6 12 0 12 0 0 7 0 0 0 6 0 0 41 6 0 0 12 0 0 0 0 22 0 0 10 12 0 43 7 0 0 11 33 0 5 0 0 0 7 0 0 0 0 0 19 0 0 0 0 0 4 0 11 0 18 0 0 0 0 0 0 0 0 0 0 23 6 0 17 0 0 0 ASV_291
ASV_292 0 0 0 0 0 17 0 0 0 0 0 0 0 0 0 0 0 0 0 0 0 0 0 0 0 0 0 0 0 0 0 32 0 50 0 0 65 27 0 0 0 0 0 0 0 71 0 13 0 0 60 0 0 5 0 0 0 0 9 0 0 0 0 34 0 23 0 0 0 0 0 0 20 0 0 0 0 0 0 0 0 0 0 10 0 0 0 0 9 0 0 0 0 0 ASV_292
ASV_297 0 0 0 0 0 0 0 0 0 0 0 0 0 0 0 0 0 0 0 0 0 0 0 0 0 0 0 0 0 0 0 0 0 0 0 0 0 0 0 0 0 0 0 0 0 0 0 0 0 0 0 0 0 0 0 5 0 0 0 0 0 0 4 0 0 0 0 0 0 0 0 0 0 0 0 0 0 0 0 0 0 0 0 0 0 0 0 0 0 0 0 0 0 0 ASV_297
ASV_300 0 44 0 4 0 0 3 0 0 29 25 0 0 0 0 0 6 10 9 0 0 10 6 0 11 7 0 0 0 45 218 0 0 0 4 0 0 0 2 0 0 0 0 0 0 0 0 0 0 2 2 0 0 7 3 0 38 0 0 0 0 0 0 0 0 0 0 0 3 0 0 0 10 54 0 21 27 0 0 0 19 0 12 0 0 0 0 0 0 0 0 0 0 0 ASV_300
ASV_301 0 0 0 0 0 0 0 0 0 0 0 0 0 0 0 0 0 0 0 0 0 0 0 0 0 0 0 0 0 7 0 0 0 0 0 0 0 0 0 0 0 0 0 0 0 0 0 0 0 0 0 0 0 0 0 0 0 0 0 0 0 0 0 0 0 0 0 0 0 0 0 0 0 0 0 0 0 0 0 0 0 0 0 0 0 0 0 0 0 0 0 0 0 0 ASV_301
ASV_302 0 0 0 5 0 13 0 22 0 0 0 0 0 0 0 0 0 7 0 14 0 9 0 0 0 0 0 7 0 0 9 0 11 20 0 10 6 13 0 0 0 26 32 0 0 0 0 19 0 0 9 0 0 19 0 21 0 0 0 0 0 0 0 0 0 0 0 0 0 0 0 22 0 12 0 0 0 0 9 0 2 0 9 5 0 0 0 16 9 19 12 35 37 42 ASV_302
ASV_303 0 0 0 0 0 0 0 0 0 0 0 0 0 0 0 0 0 0 0 0 0 0 0 0 0 0 0 0 0 31 0 0 0 0 0 0 0 0 0 0 0 0 0 0 0 0 0 0 0 0 0 0 0 0 0 0 0 0 0 0 0 0 0 0 0 0 0 0 0 0 0 0 0 0 0 0 0 0 0 0 0 0 0 0 0 0 0 0 0 0 0 0 0 0 ASV_303
ASV_304 0 0 0 0 0 0 0 14 0 0 0 0 0 12 0 0 10 18 0 10 28 20 7 26 0 0 0 19 0 0 0 14 0 0 19 11 3 0 12 0 4 0 0 0 0 0 0 0 0 21 0 0 0 0 0 3 14 0 0 0 4 0 0 5 0 0 10 0 5 20 15 0 0 14 12 0 0 0 0 0 3 0 9 0 0 0 0 0 0 13 0 0 0 0 ASV_304
ASV_306 0 0 0 0 0 0 0 9 0 0 0 0 0 0 0 0 0 50 0 0 0 11 0 0 0 0 0 0 0 0 18 7 0 13 5 0 17 8 10 0 0 0 0 0 0 0 0 0 0 0 0 0 0 0 0 0 0 8 0 0 0 0 0 0 0 0 35 0 0 0 0 0 0 0 0 0 0 0 0 15 0 0 0 8 0 0 0 85 22 0 26 68 0 51 ASV_306
ASV_308 0 0 0 9 0 0 0 0 0 0 0 0 0 0 0 0 4 0 0 0 0 0 0 0 156 0 0 0 0 0 0 0 33 0 0 0 3 0 7 0 0 0 0 30 0 0 0 0 0 11 0 0 0 0 26 0 0 0 24 0 0 0 6 0 5 29 0 0 0 0 20 0 7 14 17 0 24 0 0 0 0 0 0 0 0 0 0 0 7 23 0 0 0 0 ASV_308
ASV_309 0 0 0 10 0 0 0 24 0 0 0 0 0 0 0 0 6 22 0 0 0 15 4 0 0 0 22 0 0 0 0 0 0 0 0 0 0 0 0 0 0 0 0 0 0 0 0 0 0 0 0 0 0 9 0 0 0 0 0 0 15 0 0 10 11 7 5 0 0 33 0 0 0 0 23 0 0 0 0 0 0 0 0 0 0 0 0 25 51 0 24 26 0 10 ASV_309
ASV_310 0 0 0 2 0 0 0 11 15 13 0 0 0 9 0 0 0 7 0 12 2 19 12 0 2 0 9 3 0 0 8 0 0 24 2 0 8 1 1 0 0 14 24 0 0 0 6 12 0 2 15 0 0 7 0 0 0 0 10 0 17 0 0 15 6 14 11 16 6 14 8 0 6 0 16 0 0 0 17 0 0 0 3 3 0 0 0 4 6 0 13 5 12 0 ASV_310
ASV_312 0 4 0 0 0 0 0 0 0 0 0 0 0 0 0 0 0 0 0 0 0 0 0 0 0 0 0 0 0 0 0 0 0 0 0 0 0 0 0 0 0 0 0 0 0 0 0 0 0 0 0 0 0 0 0 0 0 0 0 0 0 0 0 0 0 0 0 7 0 0 0 0 0 0 0 0 0 0 0 0 0 0 0 0 0 0 0 0 0 0 0 0 0 0 ASV_312
ASV_314 0 0 0 0 0 0 0 0 0 0 0 0 0 0 0 0 0 0 0 0 0 0 0 0 0 0 0 0 0 0 0 0 0 0 0 0 0 0 0 0 0 0 0 0 0 0 0 0 0 0 0 0 0 0 0 0 0 0 0 0 0 0 0 0 0 0 0 0 0 0 0 0 0 0 0 0 0 0 0 0 0 9 0 0 0 0 0 0 0 0 0 0 0 0 ASV_314
ASV_317 0 0 0 0 0 0 8 5 0 0 0 0 0 0 0 17 0 0 0 0 0 0 0 0 8 10 0 15 0 0 14 27 0 0 0 8 10 5 9 0 0 54 0 24 0 0 0 29 0 9 0 0 0 17 0 0 0 0 8 0 7 0 11 0 0 0 0 0 22 7 18 37 0 0 0 0 0 0 0 0 6 0 0 0 0 0 0 18 3 0 0 23 47 30 ASV_317
ASV_318 0 0 0 0 0 0 10 9 0 17 0 0 0 0 0 0 38 0 33 0 0 10 0 22 0 0 5 10 0 0 0 0 0 6 35 0 0 0 5 0 0 0 0 0 0 0 0 0 0 65 3 0 0 0 3 0 29 16 3 0 0 0 0 0 0 0 14 18 0 13 0 0 0 0 0 0 0 0 0 0 0 0 0 0 0 0 0 0 7 0 0 0 0 7 ASV_318
ASV_320 0 0 0 0 0 0 0 0 0 0 5 0 0 0 0 0 0 0 0 0 0 0 0 0 0 0 0 0 0 0 0 0 0 0 0 0 0 0 0 0 0 0 0 0 0 0 0 0 0 0 0 0 0 0 0 0 0 0 0 0 0 0 0 0 0 0 0 0 0 0 0 0 0 0 0 0 0 0 0 0 0 0 0 0 0 0 0 0 0 0 0 0 0 0 ASV_320
ASV_324 0 0 0 0 0 0 0 0 0 0 0 0 0 0 0 0 0 0 0 0 0 0 0 0 0 0 0 0 0 7 0 0 0 0 0 0 0 0 0 0 10 0 0 0 0 0 0 0 0 0 0 0 0 0 0 0 0 5 0 0 0 0 0 0 0 0 0 0 0 0 0 0 0 0 0 0 0 0 0 0 0 0 0 0 0 0 0 0 0 0 0 0 0 0 ASV_324
ASV_327 0 0 0 0 0 0 0 0 0 0 0 0 0 0 0 0 0 0 0 0 0 0 0 0 0 0 0 0 0 0 0 0 0 0 0 0 0 0 0 0 0 0 0 0 0 0 0 13 0 0 0 0 0 0 0 0 0 0 0 0 0 0 0 0 0 0 0 5 0 0 0 0 0 0 0 0 0 0 0 0 0 0 0 0 0 0 0 0 0 0 0 0 0 0 ASV_327
ASV_328 0 0 0 0 0 0 0 14 0 0 31 0 0 30 0 32 0 0 0 0 0 6 0 0 10 0 29 7 0 0 9 0 22 0 5 5 10 6 0 0 38 23 58 0 0 0 14 15 0 3 0 0 0 5 0 0 0 7 0 0 5 0 10 0 8 31 6 0 13 15 6 0 7 0 5 0 0 0 0 0 0 0 0 0 0 0 0 0 0 0 15 6 12 0 ASV_328
ASV_329 0 0 0 0 0 0 0 0 0 0 0 0 0 0 0 0 0 0 0 0 0 0 0 0 0 0 0 0 0 0 0 0 0 0 0 0 0 0 0 0 0 0 0 0 0 0 0 0 0 0 0 0 0 0 0 0 0 0 0 0 0 0 0 0 0 0 0 0 0 0 0 0 0 0 0 4 0 0 0 0 0 0 0 0 0 0 0 0 0 0 0 0 0 0 ASV_329
ASV_331 0 0 0 4 0 0 9 35 0 0 0 0 0 0 0 0 12 37 0 26 0 13 0 0 0 0 0 8 0 0 43 0 0 0 0 0 0 0 0 0 0 0 0 0 0 0 0 0 0 10 4 0 0 0 0 0 0 0 0 0 0 0 0 0 0 0 22 0 0 13 0 61 15 62 0 0 28 0 27 0 0 0 0 0 0 0 0 0 11 0 27 69 0 0 ASV_331
ASV_332 0 0 0 0 0 0 0 0 0 0 0 0 0 0 0 0 0 0 0 0 0 0 0 0 0 0 0 0 0 0 0 0 0 8 0 0 0 0 0 0 0 0 0 0 0 0 0 0 0 0 0 0 0 0 0 0 0 0 0 0 0 0 0 0 0 0 0 0 0 0 0 0 0 0 0 0 0 0 0 0 0 0 0 0 0 0 0 0 0 0 0 0 0 0 ASV_332
ASV_333 0 0 0 0 0 0 0 0 0 0 0 214 0 0 24 0 0 0 0 0 0 0 0 0 0 0 0 0 0 0 0 0 0 0 0 0 0 0 0 70 0 0 0 0 0 0 0 0 0 0 0 65 51 0 0 0 0 0 0 9 0 0 0 0 0 0 0 0 0 0 0 0 0 0 0 0 0 0 0 0 0 0 0 0 18 31 0 0 0 0 0 0 0 0 ASV_333
ASV_336 0 0 0 0 0 0 0 0 0 0 0 0 0 0 0 0 0 0 0 0 0 0 0 0 0 0 0 0 0 0 0 0 0 0 0 0 0 0 0 0 0 0 0 0 0 0 0 0 0 0 0 0 0 0 0 0 0 0 0 0 0 0 0 0 0 0 0 0 0 0 0 0 0 0 0 0 0 0 0 0 0 0 0 0 0 0 0 8 0 0 0 0 0 0 ASV_336
ASV_337 20 12 0 0 0 3 117 0 3 0 0 0 0 0 0 0 10 13 11 0 42 12 61 21 0 0 0 23 0 26 0 0 0 0 0 0 0 0 0 0 0 0 0 0 0 0 0 0 0 0 0 0 0 0 0 0 4 0 0 0 0 15 0 0 0 0 0 0 0 0 0 11 10 0 0 0 0 0 12 0 10 0 18 24 0 0 0 1 5 20 8 0 0 0 ASV_337
ASV_338 0 0 0 0 0 0 0 0 0 0 0 0 0 0 0 0 11 14 9 7 10 8 6 0 0 0 0 0 0 0 0 0 0 0 45 0 0 0 8 0 0 0 0 0 0 0 0 0 0 0 6 0 0 0 0 0 0 0 0 0 0 0 0 0 38 0 12 0 0 10 138 0 0 29 0 0 0 0 0 0 0 0 9 0 0 0 0 6 0 0 0 0 10 0 ASV_338
ASV_340 12 23 0 7 0 17 0 0 0 0 30 0 0 22 0 0 0 4 0 0 0 7 0 0 3 19 0 0 0 0 0 0 17 0 0 0 10 7 0 0 47 0 0 0 0 0 0 0 0 9 19 0 0 5 0 0 15 0 4 0 26 2 10 0 0 0 0 0 0 0 0 15 0 0 13 8 32 0 0 16 10 0 9 7 0 0 0 5 0 5 8 0 0 10 ASV_340
ASV_341 0 22 0 9 0 28 0 0 0 0 0 0 0 27 0 15 2 0 0 1 0 4 0 0 0 0 3 0 0 0 0 0 30 0 0 0 0 9 8 0 60 0 0 0 0 0 0 0 0 0 13 0 0 10 9 0 9 0 8 0 14 0 0 0 0 0 0 2 6 0 0 0 0 19 5 10 15 0 15 11 0 0 3 0 0 0 0 5 5 12 17 0 24 16 ASV_341
ASV_342 26 52 0 22 0 0 0 0 0 20 12 0 0 13 0 0 14 0 0 0 0 16 0 0 5 0 0 0 0 8 0 2 0 0 26 0 0 5 19 0 0 0 9 0 0 0 18 0 0 25 3 0 0 0 11 0 0 0 0 0 10 0 3 3 5 0 6 0 7 5 14 0 0 0 0 2 0 0 0 0 0 0 0 0 0 0 0 0 3 3 0 4 0 0 ASV_342
ASV_345 0 0 0 0 0 0 0 0 0 0 0 0 0 0 0 0 0 0 0 0 0 0 0 0 2 0 0 0 0 0 0 0 0 0 0 0 0 0 0 0 0 0 0 0 0 0 0 0 0 0 0 0 0 0 0 0 0 0 0 0 0 0 0 0 0 0 0 0 0 0 0 0 0 0 0 0 0 0 0 0 0 0 0 0 0 0 0 0 0 0 0 0 0 0 ASV_345
ASV_347 0 0 0 0 0 0 0 20 0 21 0 0 0 0 0 0 21 0 20 0 41 11 10 33 0 0 0 19 0 0 6 0 0 0 24 0 0 1 0 0 0 0 0 15 0 0 0 0 0 9 1 0 0 16 22 0 0 0 0 0 0 13 10 0 16 0 13 23 0 4 8 0 5 0 0 0 7 0 0 0 12 0 0 0 0 0 0 0 3 0 0 0 0 0 ASV_347
ASV_348 0 0 0 0 0 0 0 0 0 0 0 0 0 0 0 0 0 0 0 0 0 0 0 0 0 0 0 0 0 0 0 0 0 0 0 0 0 0 0 0 0 0 0 0 0 0 0 0 0 0 0 0 0 0 0 0 0 0 0 0 0 0 0 0 0 0 0 0 0 0 0 0 0 0 0 0 0 0 0 9 0 0 0 0 0 0 0 0 0 0 0 0 0 0 ASV_348
ASV_351 7 0 0 0 0 0 0 0 0 0 0 0 0 0 0 0 0 0 0 0 0 0 0 0 0 0 0 0 0 0 0 0 0 0 0 0 0 0 0 0 0 0 0 0 0 0 0 0 0 0 0 4 0 0 0 0 0 0 0 0 0 0 0 0 0 0 0 0 0 0 10 0 0 13 0 0 0 0 0 0 0 0 0 0 0 0 0 0 0 0 0 0 0 0 ASV_351
ASV_352 0 0 0 0 0 0 0 0 0 0 0 0 0 0 0 0 0 0 5 0 0 0 0 0 0 0 0 0 0 0 0 0 0 0 0 0 0 0 0 0 0 0 0 0 0 0 0 0 0 0 0 0 0 0 0 0 0 0 0 0 0 0 0 0 0 0 0 0 0 0 0 0 0 0 0 0 0 0 0 0 0 0 0 0 0 0 0 0 0 0 0 0 0 0 ASV_352
ASV_353 0 0 0 0 0 0 0 0 0 0 0 0 0 0 0 3 0 0 0 0 0 0 0 0 0 0 0 4 0 0 0 0 0 0 0 0 0 0 0 0 0 0 0 0 0 0 0 0 0 0 0 0 0 0 0 0 0 0 0 0 0 0 0 0 0 0 0 0 0 0 0 0 0 0 0 0 0 0 0 1 0 0 0 0 0 0 0 0 0 0 0 0 0 0 ASV_353
ASV_356 15 0 0 6 0 0 0 0 48 28 0 0 0 0 0 0 7 11 8 0 0 0 0 0 0 0 8 0 0 0 0 30 0 34 0 8 4 6 0 0 0 0 0 0 0 75 0 10 0 0 6 0 0 0 0 67 0 0 27 0 22 0 0 0 2 0 0 19 5 0 0 0 0 0 9 0 0 0 0 12 4 0 0 0 0 0 0 9 13 24 0 0 0 7 ASV_356
ASV_357 0 0 0 11 0 20 0 53 0 0 0 0 0 0 0 0 10 0 17 0 0 11 11 0 0 0 0 13 0 0 40 0 0 0 0 0 0 0 4 0 38 35 0 0 0 0 0 0 0 17 0 0 0 2 0 0 0 0 0 0 0 0 0 0 0 0 0 3 0 2 0 0 11 48 0 0 31 0 42 0 0 0 0 0 0 0 0 0 0 0 0 61 0 5 ASV_357
ASV_358 0 0 0 5 0 5 6 0 5 0 0 0 0 3 0 0 5 0 25 9 26 11 9 0 2 4 14 7 0 0 0 0 0 0 0 11 0 4 0 0 7 0 0 0 0 0 0 0 0 24 7 0 0 7 0 0 11 13 0 0 0 6 0 14 9 0 0 0 0 15 0 9 9 0 6 0 12 0 13 0 0 0 17 0 0 0 0 0 13 0 0 0 0 0 ASV_358
ASV_362 0 0 0 0 0 0 0 0 0 0 0 50 42 0 44 0 0 0 0 0 0 0 0 0 0 0 0 0 70 0 0 0 0 0 0 0 0 0 0 62 0 0 0 0 83 0 0 0 0 0 0 28 46 0 0 0 0 0 0 45 0 0 0 0 0 0 0 0 0 0 0 0 0 0 0 0 0 0 0 0 0 9 0 0 0 14 0 0 0 0 0 0 0 0 ASV_362
ASV_363 11 33 0 14 0 10 15 0 0 0 0 0 0 13 0 53 9 4 0 53 0 0 7 31 4 0 9 0 0 17 0 0 0 33 0 0 8 5 0 0 16 0 0 39 0 34 0 0 0 0 0 0 0 0 0 0 0 0 0 0 0 5 0 0 0 6 0 18 5 3 0 0 9 16 0 0 0 0 11 0 0 0 0 18 0 0 0 0 9 0 0 0 0 0 ASV_363
ASV_367 0 2 0 0 0 0 0 0 0 0 0 0 0 0 0 0 0 0 0 0 0 0 0 0 0 7 0 0 0 0 0 0 0 0 0 0 0 0 0 0 0 0 0 0 0 0 0 0 0 0 0 0 0 0 0 0 0 0 7 0 0 0 0 0 0 0 0 0 0 0 0 0 0 0 0 0 0 0 0 0 0 0 0 0 0 0 0 0 0 0 0 0 0 0 ASV_367
ASV_368 0 0 0 0 0 0 9 0 0 0 0 0 0 0 0 0 7 0 7 0 7 0 0 0 0 0 0 0 0 0 25 0 50 0 0 0 0 14 23 0 0 0 0 25 0 0 0 0 0 12 13 0 0 0 44 0 8 0 0 0 13 0 0 0 0 0 0 8 0 0 23 0 0 0 0 0 0 0 0 0 0 0 0 0 0 0 0 0 12 21 24 0 0 42 ASV_368
ASV_369 0 0 0 0 0 0 0 0 0 0 0 0 0 0 0 0 0 0 0 0 0 0 0 0 0 0 5 0 0 0 0 0 0 0 0 0 0 0 0 0 0 0 0 0 0 0 0 0 0 0 0 0 0 0 0 0 0 0 0 0 0 0 0 0 0 0 2 0 0 0 0 0 0 0 0 0 0 0 0 0 0 0 0 0 0 0 0 0 0 0 0 0 0 0 ASV_369
ASV_371 0 0 0 2 0 0 0 0 0 28 0 0 0 0 0 0 0 6 0 0 6 0 0 0 0 0 0 0 0 0 0 0 0 0 29 0 0 8 10 0 0 0 0 0 0 0 0 0 0 0 0 0 0 148 129 0 0 0 0 0 0 0 0 0 13 0 4 0 0 0 0 0 0 0 0 25 0 0 0 0 0 0 0 0 0 0 0 0 0 0 0 0 0 0 ASV_371
ASV_373 0 0 0 0 0 0 0 0 0 0 0 0 0 0 0 0 0 0 0 4 0 0 0 0 0 0 0 0 0 0 0 0 0 0 0 0 0 0 0 0 0 0 0 0 0 0 0 0 0 0 0 0 0 0 0 0 0 0 0 0 0 0 0 0 0 0 0 0 0 0 0 0 0 0 0 0 0 0 0 0 0 0 0 0 0 0 0 0 0 6 0 22 0 0 ASV_373
ASV_374 0 0 0 12 0 0 6 0 0 25 0 0 0 0 0 0 7 0 28 0 10 18 0 0 0 0 7 0 0 0 13 0 0 0 0 0 0 3 1 0 0 0 0 10 0 0 0 9 0 11 2 0 0 0 0 0 0 0 0 0 10 0 0 0 10 0 14 0 0 20 0 0 0 0 53 0 6 0 8 0 0 0 0 0 0 0 0 0 28 0 44 0 0 0 ASV_374
